                                   [38;2;194;194;194m⢀[38;2;255;255;255m⡀[0m [38;2;247;247;247m⣠[38;2;187;187;187m⣦[0m
                                  [38;2;235;235;235m⣰[38;2;218;218;218m⠏[38;2;243;243;243m⣇[38;2;200;199;199m⣾[38;2;162;162;162m⢁[38;2;195;195;195m⣻[38;2;112;112;112m⡀[0m
                                 [38;2;132;132;130m⢠[38;2;246;246;246m⡏[0m [38;2;232;232;232m⢻[38;2;157;157;157m⡇[38;2;104;104;103m⢸[38;2;194;193;193m⡟[38;2;238;238;238m⣇[0m
                                 [38;2;255;255;255m⢸[38;2;150;148;148m⠇[0m [38;2;210;210;210m⣾[0m  [38;2;226;226;226m⣿[38;2;193;193;193m⣹[38;2;243;242;242m⡄[0m
                                [38;2;177;177;177m⢀[38;2;212;212;212m⡿[0m [38;2;206;206;205m⣰[38;2;211;211;211m⠏[0m  [38;2;255;255;255m⢸⣧[38;2;205;205;205m⢻[38;2;238;238;238m⡄[0m
                           [38;2;110;109;109m⣀[38;2;255;255;255m⣀[38;2;190;190;190m⣤[38;2;193;193;192m⣤[38;2;210;208;208m⠴[38;2;255;255;255m⠾[38;2;156;156;156m⢷[38;2;214;214;214m⡶[38;2;214;214;213m⠋[38;2;162;162;162m⢠[0m  [38;2;228;228;228m⢸[38;2;255;255;255m⣿[38;2;160;160;160m⡆[38;2;241;240;240m⢻[38;2;124;124;124m⡀[0m
                       [38;2;169;169;169m⣠[38;2;217;217;217m⡴[38;2;199;199;199m⠞[38;2;207;207;207m⠛[38;2;255;255;255m⠉[38;2;130;130;130m⠉[0m       [38;2;174;174;174m⠸[38;2;181;181;181m⣇[38;2;109;109;109m⢠[38;2;232;232;232m⡿[38;2;255;255;255m⣿[38;2;156;154;154m⠃[38;2;255;255;255m⢸[38;2;127;126;126m⡇[0m
                     [38;2;181;181;181m⣴[38;2;219;219;219m⠞[38;2;159;159;159m⢉[38;2;255;255;255m⣤[38;2;247;247;247m⡶[38;2;124;124;124m⢖[38;2;172;172;172m⣀[38;2;116;115;115m⣀[0m        [38;2;216;214;214m⠻[38;2;241;240;240m⣄[0m [38;2;214;213;213m⠻[0m [38;2;242;242;242m⢺[38;2;195;194;194m⡛[38;2;223;222;222m⠶[38;2;214;214;214m⣤[38;2;208;208;207m⡀[0m
                 [38;2;105;105;105m⣀[38;2;232;232;232m⣀[38;2;229;228;228m⣠[38;2;205;205;205m⡴[38;2;189;189;189m⠟[0m  [38;2;196;196;196m⢋[38;2;206;206;206m⣁[38;2;164;164;164m⣾[38;2;224;224;224m⣼[38;2;175;175;175m⠏[38;2;148;147;147m⠉[0m   [38;2;114;114;114m⣀[0m  [38;2;126;126;126m⠓[38;2;205;204;204m⠲[38;2;190;190;190m⢮[38;2;150;150;150m⡃[0m  [38;2;223;223;223m⣼[38;2;90;90;90m⠃[0m [38;2;80;80;80m⠈[38;2;247;247;247m⠙[38;2;195;195;195m⠷[38;2;255;255;255m⣄[38;2;111;111;111m⡀[0m
         [38;2;148;148;148m⣀[38;2;229;229;229m⣠[38;2;195;195;195m⣤[38;2;184;184;184m⣤[38;2;188;188;188m⣶[38;2;200;200;200m⡶[38;2;188;188;187m⠿[38;2;166;165;165m⠿[38;2;255;255;255m⠉[38;2;168;168;168m⠉[0m [38;2;86;86;86m⢀[38;2;114;114;112m⡤[38;2;133;132;132m⣤[38;2;175;175;175m⡀[38;2;103;103;103m⠈[38;2;102;100;100m⠉[38;2;181;181;180m⠉[38;2;141;141;141m⠁[0m     [38;2;219;219;219m⠈[38;2;222;222;220m⢳[38;2;232;232;232m⣦[38;2;243;243;243m⡀[0m  [38;2;97;96;96m⠉[0m [38;2;120;120;118m⠸[38;2;187;187;187m⠃[0m     [38;2;166;166;165m⠈[38;2;220;220;219m⠛[38;2;250;250;250m⢦[38;2;177;177;177m⣀[0m
        [38;2;230;230;230m⢼[38;2;196;196;196m⠋[38;2;183;183;182m⣁[38;2;99;98;98m⡀[0m [38;2;86;86;86m⣀[38;2;138;136;136m⠁[38;2;218;217;217m⣠[38;2;255;255;255m⣴[38;2;232;232;231m⣶[38;2;218;218;218m⣿[38;2;210;210;210m⣿[38;2;255;255;255m⣶[38;2;200;199;199m⣿[38;2;213;213;213m⣿[38;2;201;201;201m⣿[38;2;255;255;255m⣤[38;2;168;168;168m⣴[38;2;168;166;166m⣦[38;2;244;244;244m⣄[38;2;141;141;141m⡓[38;2;183;183;183m⠶[38;2;255;255;255m⣤[38;2;238;238;238m⣤[38;2;238;237;237m⣀[0m  [38;2;228;228;228m⠹[38;2;255;255;255m⣿[38;2;250;250;250m⡆[0m   [38;2;69;69;69m⡀[0m         [38;2;236;235;235m⣽[38;2;202;202;202m⣣[38;2;236;236;236m⠶[38;2;254;254;254m⣄[38;2;98;98;98m⡀[0m
        [38;2;178;178;177m⠘[38;2;242;242;242m⢧[38;2;248;248;248m⡻[38;2;184;183;183m⡷[38;2;175;174;174m⠞[38;2;174;174;174m⠉[38;2;159;159;159m⢼[38;2;210;208;208m⣿[38;2;195;195;195m⣿[38;2;235;235;235m⣿[38;2;224;224;224m⣽[38;2;214;214;214m⣿[38;2;235;235;235m⣿[38;2;244;244;244m⡿[38;2;255;255;255m⠿⠟[38;2;247;247;247m⢛[38;2;232;232;232m⡛[38;2;228;228;228m⣛[38;2;240;238;238m⣻[38;2;255;255;255m⠿⣿⣾⣿⣿⣷[38;2;130;129;129m⡀[0m [38;2;223;223;223m⠻[38;2;198;198;198m⠁[0m   [38;2;168;168;168m⢿[0m       [38;2;236;236;235m⢀[38;2;225;225;225m⡾[38;2;220;220;220m⣱[38;2;196;196;196m⠏[0m [38;2;181;181;181m⢨[38;2;206;206;206m⡟[38;2;216;216;216m⣄[38;2;132;132;130m⡀[0m
          [38;2;200;200;200m⢻[38;2;224;224;224m⣄[38;2;75;75;75m⢀[38;2;115;115;114m⣠[38;2;144;144;144m⢤[38;2;127;127;126m⡴[38;2;142;141;141m⣿[38;2;163;162;162m⡛[38;2;199;198;198m⣛[38;2;176;176;175m⣭[38;2;180;180;180m⢱[38;2;240;240;240m⡖[38;2;186;186;186m⠻[38;2;200;200;200m⡟[38;2;219;219;219m⠹[38;2;246;246;246m⠇[0m [38;2;180;180;180m⠈[38;2;178;178;178m⠻[38;2;135;135;135m⣎[38;2;211;210;210m⠻[38;2;255;255;255m⣿⣟[38;2;248;248;248m⢿[38;2;225;225;224m⣧[0m      [38;2;242;242;242m⣼[38;2;84;84;82m⠃[0m     [38;2;210;210;210m⣰[38;2;212;212;212m⢟[38;2;192;192;192m⡼[38;2;255;255;255m⠁[0m [38;2;230;230;230m⢠[38;2;206;205;205m⡟[0m [38;2;240;240;240m⠈[38;2;216;216;216m⠻[38;2;208;208;208m⣷[38;2;90;88;88m⡄[0m
       [38;2;249;249;249m⣀[38;2;182;182;182m⣴[38;2;216;216;216m⠞[38;2;207;207;207m⠃[38;2;156;156;156m⠙[38;2;205;205;205m⢯[38;2;210;210;210m⡿[38;2;170;170;170m⠿[38;2;220;220;220m⠷[38;2;216;216;216m⢻[38;2;253;253;253m⡇[38;2;176;176;176m⠉[0m  [38;2;114;114;114m⢀[38;2;237;236;236m⣠[38;2;220;219;219m⡴[38;2;218;218;218m⠞[38;2;178;178;178m⠋[38;2;202;202;202m⢸[38;2;238;237;237m⡆[0m [38;2;140;140;139m⣙[38;2;91;91;91m⢀[38;2;170;170;169m⣹[38;2;255;255;255m⣿[0m [38;2;100;100;100m⠈[0m    [38;2;134;134;133m⢀[38;2;183;182;182m⠼[38;2;172;172;172m⠋[0m    [38;2;235;235;235m⢀[38;2;138;138;138m⣜[38;2;219;219;218m⡷[38;2;176;176;176m⣮[38;2;140;140;140m⡀[0m [38;2;223;223;223m⣰[38;2;213;213;213m⠏[0m   [38;2;130;130;130m⢠[38;2;218;218;218m⡿[0m
   [38;2;168;168;168m⣀[38;2;218;218;217m⣤[38;2;219;219;219m⠶[38;2;219;218;218m⠛[38;2;181;180;180m⠉[0m  [38;2;184;183;183m⢀[38;2;226;226;226m⣤[38;2;238;238;238m⡶[38;2;199;199;199m⠞[38;2;96;94;94m⠋[0m  [38;2;87;86;86m⠁[38;2;238;238;238m⣀[38;2;181;181;181m⣴[38;2;182;182;182m⠾[38;2;252;252;250m⠋[38;2;174;174;172m⠁[0m    [38;2;218;218;218m⢿[38;2;129;129;129m⡰[38;2;230;230;229m⣶[0m [38;2;168;168;168m⣿[38;2;255;255;255m⣿[0m [38;2;178;178;178m⣠[38;2;193;193;192m⣞[38;2;223;222;222m⣠[38;2;133;133;132m⣤[0m      [38;2;189;189;189m⣠[38;2;176;176;176m⢞[38;2;165;165;165m⡿[38;2;192;192;192m⠋[38;2;166;166;166m⣴[38;2;175;174;174m⢮[38;2;193;192;192m⡻[38;2;200;200;200m⣮[38;2;204;204;204m⡁[0m   [38;2;144;144;144m⢀[38;2;253;252;252m⡾[38;2;132;130;132m⠁[0m
[38;2;81;81;81m⢠[38;2;238;238;238m⣴[38;2;200;200;200m⣿[38;2;216;214;214m⣭[38;2;190;189;189m⣤[38;2;211;211;210m⣄[38;2;249;248;248m⡀[38;2;206;206;206m⣀[38;2;244;244;244m⣴[38;2;237;237;237m⡾[38;2;234;234;232m⠟[38;2;198;198;196m⠉[0m  [38;2;222;220;220m⢀[38;2;213;213;212m⣤[38;2;216;216;216m⠶[38;2;218;218;218m⠛[38;2;196;195;195m⠉[38;2;128;127;127m⢀[38;2;247;247;247m⣠[38;2;255;255;255m⣤⣤[38;2;201;201;201m⣄[0m   [38;2;170;170;169m⠈[38;2;222;222;222m⣷[38;2;236;236;236m⢠[38;2;156;156;156m⡇[38;2;236;236;236m⣿[38;2;198;196;196m⠏[38;2;178;177;177m⠰[38;2;220;220;220m⣛[38;2;216;216;216m⣩[38;2;207;207;207m⣤[38;2;184;184;184m⣤[38;2;153;152;152m⣤[38;2;145;145;144m⠤[0m  [38;2;106;106;106m⡠[38;2;194;194;194m⣞[38;2;196;196;196m⡵[38;2;198;198;198m⠋[38;2;163;162;162m⡴[38;2;214;214;213m⣏[38;2;184;184;184m⣾[38;2;201;201;201m⠛[38;2;228;228;226m⢁[38;2;201;201;201m⡞[38;2;217;217;216m⠁[0m  [38;2;235;235;235m⢀[38;2;241;241;241m⡾[38;2;165;165;164m⠁[0m
 [38;2;220;220;220m⢿[38;2;160;160;160m⡀[0m    [38;2;255;255;255m⢿⣿[38;2;180;180;178m⡈[38;2;218;217;217m⠙[38;2;195;194;194m⠛[38;2;205;204;204m⠛[38;2;238;237;237m⢻[38;2;194;193;193m⡏[38;2;72;72;72m⠁[0m  [38;2;219;219;219m⢰[38;2;255;255;255m⣿⣿⣿⣿⢿[38;2;206;206;206m⡇[0m   [38;2;238;238;238m⠸[38;2;188;188;188m⣇[38;2;72;72;70m⠰[38;2;219;219;219m⢋[38;2;243;243;243m⡴[38;2;211;211;211m⠛[38;2;240;240;238m⠉[38;2;92;91;91m⠁[38;2;242;242;242m⠙[38;2;230;230;230m⣦[0m [38;2;210;210;210m⢀[38;2;186;186;186m⣤[38;2;228;228;228m⠸[38;2;201;201;201m⣯[38;2;166;166;166m⢡[38;2;180;178;178m⣶[38;2;193;193;193m⡟[38;2;194;194;194m⢿[38;2;147;146;146m⠋[38;2;172;172;172m⢁[38;2;219;219;219m⡴[38;2;204;202;202m⠋[0m   [38;2;232;232;232m⣠[38;2;230;230;230m⠟[0m
 [38;2;122;122;122m⠘[38;2;246;246;246m⣧[0m    [38;2;190;190;190m⠈[38;2;220;220;220m⠙[38;2;150;150;150m⠃[0m   [38;2;106;106;106m⠈[38;2;225;225;225m⣷[0m   [38;2;207;207;207m⠹[38;2;255;255;255m⣿⠛[38;2;234;234;234m⣿[38;2;202;202;202m⢷[38;2;255;255;255m⣤[38;2;254;254;254m⡿[38;2;104;103;103m⠂[38;2;236;236;236m⣾[38;2;255;255;255m⣷[38;2;171;171;171m⡄[38;2;241;240;240m⢻[38;2;150;150;150m⡔[38;2;255;255;255m⠋[0m     [38;2;205;205;205m⣾[38;2;184;184;183m⡿[38;2;166;166;166m⠿[38;2;180;180;180m⡋[38;2;174;172;172m⣀[38;2;220;220;220m⠘[38;2;241;241;241m⢷[38;2;201;200;200m⡝[38;2;144;144;144m⢂[38;2;169;168;168m⡤[38;2;164;164;164m⠞[38;2;175;175;175m⠋[0m   [38;2;220;220;220m⢀[38;2;235;235;234m⡼[38;2;210;210;210m⠋[0m
  [38;2;238;238;238m⠸[38;2;192;192;192m⣇[0m          [38;2;196;196;196m⠸[38;2;220;220;220m⣇[0m   [38;2;196;196;196m⠻[38;2;248;248;248m⠾[38;2;255;255;255m⢿⣾⡿[38;2;172;172;172m⢣[38;2;238;238;238m⡾[38;2;255;254;254m⠋[0m [38;2;150;150;150m⢀[38;2;130;130;129m⠈[38;2;226;226;226m⣷[0m      [38;2;190;190;190m⢻[38;2;176;176;176m⣆[0m [38;2;222;220;220m⠙[38;2;151;150;150m⣆[38;2;184;184;184m⣠[38;2;134;134;134m⡌[38;2;234;234;234m⠛[38;2;135;135;134m⠋[0m    [38;2;168;168;168m⢀[38;2;210;210;210m⣴[38;2;196;196;196m⠟[0m
   [38;2;238;238;238m⢻[38;2;166;166;166m⡄[0m          [38;2;217;217;217m⢻[38;2;206;206;206m⡄[38;2;61;61;61m⠐[38;2;229;228;228m⣿[38;2;235;234;234m⣶[38;2;248;248;248m⣤[38;2;190;190;190m⣬[38;2;172;172;172m⢤[38;2;240;240;240m⣴[38;2;212;211;211m⠯[38;2;241;240;240m⠶[38;2;255;255;255m⠶[38;2;223;223;223m⢾[38;2;255;255;255m⣿[38;2;102;100;100m⡁[38;2;195;195;195m⢸[38;2;210;210;210m⣇[0m      [38;2;225;224;224m⠹[38;2;189;189;189m⠶[38;2;186;186;186m⡞[38;2;178;178;177m⠋[38;2;144;144;144m⠁[0m     [38;2;194;194;194m⣀[38;2;250;250;249m⡴[38;2;219;219;219m⠛[38;2;97;97;97m⠁[0m
   [38;2;114;114;114m⠈[38;2;228;228;228m⣷[0m          [38;2;68;68;68m⠈[38;2;248;248;248m⢷[0m [38;2;255;255;255m⠉[38;2;115;114;114m⠁[38;2;111;111;111m⢀[38;2;223;223;223m⣴[38;2;246;246;246m⠟[38;2;194;194;194m⠁[0m   [38;2;190;190;190m⣠[38;2;186;184;184m⣴[38;2;220;219;219m⠞[38;2;247;247;247m⠋[38;2;146;145;145m⠁[0m        [38;2;231;231;231m⣿[0m    [38;2;194;194;194m⣀[38;2;190;189;189m⣴[38;2;238;238;238m⠞[38;2;200;199;199m⠋[0m
    [38;2;193;193;193m⠸[38;2;228;226;226m⣇[0m          [38;2;218;218;218m⠘[38;2;236;236;236m⣇[0m [38;2;175;175;175m⠺[38;2;253;253;252m⣿[38;2;219;219;219m⡏[0m [38;2;160;160;160m⣀[38;2;218;218;218m⣤[38;2;220;220;220m⠶[38;2;222;222;222m⠛[38;2;176;175;175m⠉[0m            [38;2;255;255;255m⢹[38;2;217;217;217m⣇[38;2;222;222;220m⣤[38;2;214;213;213m⠶[38;2;183;183;183m⠟[38;2;246;246;244m⠉[0m
     [38;2;213;213;213m⠹⠶[38;2;183;183;182m⢦[38;2;202;202;202m⣤[38;2;206;206;205m⣤[38;2;226;226;225m⣄[38;2;255;255;255m⣀[38;2;189;188;188m⣀[38;2;85;84;84m⣀[0m   [38;2;231;231;231m⢹[38;2;178;177;177m⡆[38;2;120;120;120m⢀[38;2;240;240;240m⣠[38;2;223;223;223m⡴[38;2;218;218;218m⠞[38;2;199;199;198m⠋[0m                [38;2;224;223;223m⠈[38;2;129;128;128m⠉[0m
           [38;2;120;120;120m⠉[38;2;230;229;229m⠉[38;2;255;255;255m⠉[38;2;194;194;194m⠛[38;2;205;205;204m⠛[38;2;187;186;186m⠛[38;2;187;187;187m⠶[38;2;235;235;235m⠟[38;2;249;249;249m⠋[38;2;166;166;165m⠁[0m
