                                                      [38;2;240;238;238m⢀[38;2;234;234;234m⣤[38;2;172;171;171m⡀[0m
                                                 [38;2;229;229;229m⣠[38;2;218;218;218m⡾[38;2;194;194;193m⣿[0m [38;2;237;237;237m⣴[38;2;242;242;242m⠟[38;2;174;174;174m⢹[38;2;252;252;252m⣇[0m
                                                [38;2;219;219;219m⣰[38;2;228;226;226m⡟[0m [38;2;238;238;238m⣿[38;2;243;243;243m⣸[38;2;190;190;189m⡏[0m [38;2;152;152;152m⡌[38;2;246;246;246m⣿[0m
                                               [38;2;63;63;62m⢀[38;2;249;249;249m⣿[0m  [38;2;184;184;184m⢹[38;2;235;235;235m⣿[0m  [38;2;236;236;236m⣷[38;2;226;225;225m⢻[38;2;200;200;200m⡇[0m
                                               [38;2;172;172;172m⢸[38;2;255;255;255m⡏[0m  [38;2;219;219;219m⢸[38;2;255;255;255m⡇[0m  [38;2;230;230;230m⣿[38;2;177;176;176m⡎[38;2;236;236;236m⣿[38;2;151;151;151m⡀[0m
                                               [38;2;250;250;250m⣼[38;2;172;172;171m⠇[0m  [38;2;254;254;254m⣾[38;2;127;126;126m⠃[0m  [38;2;196;196;196m⢸[38;2;255;255;255m⣿[38;2;200;200;200m⡘[38;2;247;246;246m⣷[38;2;84;84;84m⡀[0m
                                              [38;2;208;208;208m⢰[38;2;255;254;254m⡟[0m  [38;2;223;223;223m⣼[38;2;225;225;225m⠏[0m    [38;2;255;255;255m⣿[38;2;237;237;237m⣷[38;2;249;249;249m⠘[38;2;238;238;238m⣷[38;2;123;123;123m⡀[0m
                                          [38;2;88;88;88m⢀[38;2;181;181;181m⣀[38;2;255;255;255m⣀[38;2;230;230;230m⣰[38;2;255;255;255m⣿[38;2;204;204;204m⣥[38;2;229;229;229m⣤[38;2;210;210;210m⣾[38;2;234;232;232m⠋[0m [38;2;157;156;156m⡀[0m   [38;2;243;243;243m⣿[38;2;255;255;255m⣿[38;2;174;172;172m⡇[38;2;231;230;230m⠘[38;2;244;244;244m⣷[0m
                                   [38;2;87;87;87m⢀[38;2;255;255;255m⣀[38;2;237;237;237m⣤[38;2;214;214;214m⣴[38;2;255;255;255m⠶[38;2;204;204;202m⠾[38;2;255;255;255m⠛[38;2;225;225;225m⠛[38;2;255;255;255m⠉[38;2;214;214;214m⠉[38;2;120;120;118m⠉[38;2;68;68;67m⠁[38;2;114;112;112m⠰[38;2;225;225;225m⠋[0m   [38;2;240;240;240m⣇[0m  [38;2;163;163;163m⣰[38;2;255;255;255m⣿⣿⡇[0m [38;2;202;202;202m⣿[38;2;111;111;111m⡇[0m
                                [38;2;201;201;201m⢀[38;2;253;253;253m⣤[38;2;206;206;206m⡾[38;2;255;255;255m⠛⠉[38;2;123;123;123m⠁[0m              [38;2;253;253;253m⢿[38;2;158;158;158m⡄[0m [38;2;255;255;255m⠿[38;2;242;241;241m⢻[38;2;255;255;255m⣿[38;2;169;169;169m⠃[0m [38;2;222;222;222m⣿[38;2;129;128;128m⡃[0m
                              [38;2;242;242;242m⣠[38;2;202;202;202m⡾[38;2;250;250;250m⠛[38;2;207;206;206m⠁[38;2;202;202;201m⣠[38;2;255;255;255m⣤[38;2;226;226;226m⣶[38;2;189;188;188m⠖[0m              [38;2;174;174;172m⠘[38;2;255;255;255m⢷[38;2;199;199;199m⡄[0m [38;2;116;116;116m⠈[38;2;240;240;240m⢿[0m  [38;2;255;255;255m⣿⠛[38;2;241;240;240m⠷[38;2;235;234;234m⣦[38;2;181;181;181m⣄[0m
                             [38;2;150;150;150m⢠[38;2;241;241;240m⣿[0m  [38;2;98;98;98m⠘[38;2;255;255;255m⡿⠟[38;2;156;154;154m⠁[38;2;163;163;163m⣚[38;2;147;147;147m⠛[38;2;226;225;225m⣛[38;2;172;172;171m⡳[38;2;163;163;163m⠶[38;2;109;108;108m⠄[0m       [38;2;90;90;90m⠠[38;2;140;140;140m⣤[38;2;186;184;184m⣤[38;2;178;178;178m⣈[38;2;228;226;226m⠛[38;2;169;169;168m⢦[0m    [38;2;218;217;217m⣿[38;2;74;73;73m⠇[0m [38;2;97;97;97m⠈[38;2;249;249;249m⠙[38;2;220;220;220m⠿[38;2;248;248;248m⣦[38;2;187;187;187m⣄[0m
                      [38;2;147;147;147m⣀[38;2;255;255;255m⣀[38;2;200;200;200m⣤[38;2;254;254;254m⣤[38;2;207;206;206m⣴[38;2;208;208;208m⡶[38;2;210;210;210m⠾[38;2;246;246;246m⠛[38;2;176;176;175m⠁[0m    [38;2;201;201;201m⣴[38;2;196;196;196m⣦[38;2;218;218;218m⣿[38;2;222;222;222m⣿[38;2;255;255;255m⠟[38;2;109;108;108m⠁[0m      [38;2;174;174;172m⢦[38;2;254;254;254m⡀[0m    [38;2;242;242;242m⠉[38;2;235;235;235m⠛[38;2;217;216;216m⢦[38;2;174;172;172m⡀[0m  [38;2;204;204;204m⢰[38;2;228;228;228m⡟[0m     [38;2;99;99;99m⠈[38;2;255;255;255m⠙[38;2;228;228;228m⢷[38;2;231;231;230m⣦[38;2;210;208;208m⡀[0m
             [38;2;79;78;78m⢀[38;2;240;240;238m⣀[38;2;212;211;211m⣤[38;2;255;255;255m⣤[38;2;200;200;200m⣴[38;2;224;224;224m⣶⣶[38;2;196;196;195m⠿[38;2;243;243;243m⠿[38;2;207;207;207m⠿[38;2;212;211;211m⠭[38;2;112;112;111m⠍[0m    [38;2;76;75;75m⠶[38;2;204;202;202m⠤[38;2;178;178;178m⣤[38;2;201;201;201m⣀[0m               [38;2;214;214;214m⠻[38;2;246;246;246m⣷[38;2;255;255;255m⣤[38;2;208;208;208m⡀[0m      [38;2;97;97;96m⠠[38;2;204;204;204m⠏[0m         [38;2;237;237;237m⠈[38;2;242;242;242m⠻[38;2;206;206;206m⣷[38;2;202;201;201m⣄[0m
           [38;2;91;91;90m⢀[38;2;213;213;213m⣾[38;2;255;255;255m⠛⠉[38;2;141;141;141m⠁[0m   [38;2;165;165;165m⠉[38;2;129;129;129m⠛[0m [38;2;121;121;120m⢀[38;2;228;228;228m⣠[38;2;255;255;255m⣤⣴[38;2;229;229;229m⣶[38;2;200;199;199m⣶[38;2;253;253;252m⣬[38;2;223;223;222m⣭[38;2;187;186;186m⣟⣶[38;2;206;206;206m⣭[38;2;200;200;200m⣓[38;2;115;115;114m⡀[0m [38;2;112;112;112m⣄[38;2;218;218;218m⣀[38;2;87;86;86m⡀[38;2;64;63;63m⠐[38;2;206;206;206m⢤[38;2;225;225;225m⣄[38;2;192;192;190m⣀[38;2;97;97;96m⣀[0m     [38;2;247;246;246m⠈[38;2;255;255;255m⢿⣿⣦[0m                   [38;2;229;229;229m⢙[38;2;248;248;248m⣿[38;2;174;174;174m⢃[38;2;242;242;242m⣤[38;2;166;166;166m⣀[0m
           [38;2;87;87;86m⠈[38;2;235;234;234m⣿[38;2;160;160;159m⡀[38;2;202;202;202m⣷[38;2;244;243;243m⣶[38;2;78;76;76m⡀[0m [38;2;255;255;255m⣠[38;2;182;182;182m⠆[38;2;135;134;134m⢀[38;2;255;255;255m⣴⣿[38;2;222;222;222m⣿[38;2;225;225;225m⣿[38;2;254;254;254m⣽[38;2;244;244;244m⣿[38;2;199;199;198m⣾[38;2;255;255;255m⣻[38;2;232;232;232m⣿[38;2;255;255;255m⣿⣿⣿⣿⣿⣿⣷[38;2;229;229;229m⣿[38;2;255;255;255m⣿⣷[38;2;249;249;249m⣦[38;2;241;241;241m⣌[38;2;220;220;219m⣛[38;2;223;223;223m⣿[38;2;255;255;255m⣿⣿⣦[38;2;186;184;184m⡄[0m  [38;2;176;176;176m⠈[38;2;255;255;255m⣿⣿[38;2;70;70;70m⠁[0m    [38;2;174;174;172m⢤[0m            [38;2;152;152;152m⢠[38;2;243;243;243m⣾[38;2;226;226;226m⢃[38;2;255;255;255m⡾[38;2;169;168;168m⠋[38;2;237;237;236m⠛[38;2;217;217;217m⢷[38;2;228;228;228m⣤[0m
            [38;2;201;201;201m⠘[38;2;243;243;243m⢷[38;2;242;242;242m⣜[38;2;225;225;224m⠿[38;2;201;201;200m⡟[38;2;224;223;223m⠛[38;2;216;216;214m⠁[0m [38;2;189;189;189m⢚[38;2;248;247;247m⣫[38;2;211;211;211m⡾[38;2;242;242;242m⣟[38;2;242;241;241m⣻[38;2;218;218;217m⣷[38;2;255;255;255m⠾[38;2;236;235;235m⣿[38;2;244;244;244m⣿[38;2;255;255;255m⣽[38;2;235;235;234m⡿[38;2;213;213;213m⠿[38;2;255;255;255m⠛[38;2;184;184;184m⡛[38;2;237;237;237m⢉[38;2;189;188;188m⣉[38;2;210;210;210m⠩[38;2;178;178;178m⣭[38;2;226;225;225m⣝[38;2;243;243;243m⣛[38;2;255;255;255m⠿⣿⣿⣿⣿⣿⣿⣿[38;2;195;195;194m⡆[0m  [38;2;213;213;213m⠸[38;2;188;188;188m⠇[0m     [38;2;212;212;211m⢸[38;2;244;244;243m⡇[0m          [38;2;236;236;236m⣠[38;2;232;232;232m⡿[38;2;188;188;188m⣡[38;2;212;212;212m⡿[38;2;165;164;164m⠁[0m  [38;2;216;216;216m⣰[38;2;218;218;217m⡟[38;2;255;255;255m⢠⣄[38;2;138;136;136m⡀[0m
              [38;2;201;201;201m⢻[38;2;255;255;255m⣆[0m   [38;2;159;159;158m⣀[38;2;169;168;168m⣠[38;2;154;154;154m⣤[38;2;152;152;151m⣭[38;2;224;223;223m⡭[38;2;214;214;214m⠵[38;2;192;192;192m⠾[38;2;255;255;255m⠛[38;2;219;219;218m⣋[38;2;123;123;122m⡩[38;2;253;253;253m⣴[38;2;208;208;207m⡶[38;2;200;200;200m⠸[38;2;255;255;255m⣿[38;2;232;232;232m⡏[38;2;218;218;218m⠹[38;2;255;255;255m⣿[38;2;132;132;130m⠃[0m [38;2;62;61;61m⠈[38;2;200;199;199m⠙[38;2;238;238;238m⢳[38;2;252;252;252m⡄[38;2;201;200;200m⠙[38;2;255;255;255m⢿⣿⣿⢿⣿[38;2;253;253;253m⣿[0m         [38;2;156;156;156m⢸[38;2;217;217;217m⡿[0m        [38;2;132;132;132m⢀[38;2;235;235;235m⣼[38;2;228;228;228m⠟[38;2;212;212;212m⣴[38;2;231;231;231m⠏[0m   [38;2;234;234;234m⣰[38;2;226;225;225m⡟[0m [38;2;75;75;75m⠈[38;2;254;254;254m⠙[38;2;255;255;255m⠿[38;2;240;240;240m⣷[38;2;255;255;255m⣄[0m
            [38;2;69;68;68m⢀[38;2;204;202;202m⣠[38;2;247;247;246m⣤[38;2;212;211;211m⠙[38;2;240;240;240m⢷[38;2;190;189;189m⣆[38;2;255;255;255m⢶⣶[38;2;219;218;218m⡰[38;2;255;255;255m⣶[38;2;112;111;111m⡴[38;2;244;244;244m⣿[38;2;170;170;170m⣿[38;2;213;213;212m⠺[38;2;248;248;248m⠇[38;2;217;217;217m⠉[0m [38;2;229;229;229m⠙[38;2;220;220;219m⠃[0m [38;2;182;182;182m⠈[38;2;105;105;105m⢁[38;2;230;230;230m⣠[38;2;235;235;235m⣴[38;2;223;223;222m⠆[38;2;219;219;219m⢰[38;2;249;249;249m⡄[0m  [38;2;180;180;178m⢻[38;2;86;86;85m⡄[0m [38;2;255;255;255m⢻⣿[38;2;207;207;207m⣇[38;2;122;122;122m⠈[38;2;255;255;255m⠙[38;2;142;142;142m⠧[0m       [38;2;172;171;171m⢠[38;2;255;255;255m⡾[38;2;195;195;195m⠃[0m       [38;2;219;218;219m⢠[38;2;201;201;201m⢿[38;2;166;166;165m⡃[38;2;237;237;237m⠚[38;2;226;226;226m⠁[0m  [38;2;82;82;82m⢀[38;2;228;226;226m⣼[38;2;237;237;237m⠏[0m     [38;2;216;216;214m⣸[38;2;223;223;222m⡟[0m
         [38;2;204;204;204m⣀[38;2;255;255;255m⣤[38;2;236;236;236m⡶[38;2;231;231;231m⠟[38;2;204;202;202m⠋[38;2;67;67;66m⠁[0m  [38;2;217;216;216m⠻[38;2;230;230;230m⠶[38;2;200;200;199m⠝[38;2;214;214;214m⢓[38;2;174;174;172m⠙[38;2;246;246;244m⠃[38;2;204;204;204m⠹[38;2;202;201;201m⣿[0m     [38;2;234;234;234m⣀[38;2;222;222;222m⣴[38;2;205;205;205m⡾[38;2;222;222;222m⠟[38;2;242;242;242m⠉[0m  [38;2;153;153;152m⠈[38;2;243;243;243m⣿[38;2;120;120;120m⡀[0m [38;2;190;190;190m⢰[38;2;150;150;148m⡆[38;2;111;111;111m⢰[38;2;150;150;150m⡌[38;2;255;255;255m⣿[38;2;225;224;224m⣿[0m         [38;2;184;184;184m⠴[38;2;249;249;249m⠋[0m       [38;2;255;255;255m⢀[38;2;218;218;218m⡴[38;2;168;168;168m⣲[38;2;255;255;255m⠟[38;2;254;254;254m⠻[38;2;255;255;255m⣦[38;2;157;156;156m⣄[0m [38;2;206;205;205m⢠[38;2;247;247;247m⡾[38;2;196;195;195m⠃[0m     [38;2;202;202;202m⢠[38;2;255;255;255m⡿[38;2;85;85;84m⠁[0m
     [38;2;183;182;182m⢀[38;2;220;220;219m⣤[38;2;206;206;206m⣶[38;2;205;205;205m⠿[38;2;255;255;255m⠋[38;2;165;164;164m⠁[0m    [38;2;150;150;150m⢀[38;2;255;255;255m⣠[38;2;250;249;249m⣶[38;2;229;229;229m⡿[38;2;193;193;192m⠟[38;2;162;160;160m⠉[0m     [38;2;141;140;140m⣀[38;2;235;235;234m⣤[38;2;237;237;237m⡶[38;2;236;236;236m⠟[38;2;235;235;235m⠋[38;2;117;116;116m⠁[0m      [38;2;234;234;234m⠸[38;2;252;252;252m⣧[38;2;153;153;153m⠰[38;2;255;255;255m⣶[38;2;199;199;198m⡆[0m [38;2;204;202;202m⣷[38;2;250;250;250m⣿[38;2;214;213;213m⡿[0m  [38;2;255;255;255m⣠[38;2;181;180;180m⢞[38;2;193;192;192m⣀[38;2;255;255;255m⣀[38;2;180;178;178m⣀[0m         [38;2;220;220;220m⣠[38;2;190;190;190m⡾[38;2;219;219;219m⣫[38;2;234;234;234m⠞[38;2;255;255;255m⠁[38;2;201;201;201m⣠[38;2;170;170;170m⡶[38;2;186;186;184m⣮[38;2;190;190;190m⡻[38;2;236;236;236m⢷[38;2;187;186;186m⣍[0m      [38;2;148;147;147m⢠[38;2;238;238;238m⣿[38;2;151;150;150m⠃[0m
 [38;2;81;81;80m⢀[38;2;213;213;213m⣠[38;2;236;236;236m⣴[38;2;241;241;240m⠾[38;2;250;250;250m⠛[38;2;181;180;180m⠉[0m     [38;2;204;204;204m⣀[38;2;229;229;229m⣴[38;2;255;255;255m⣾⡿[38;2;254;254;254m⠛[38;2;222;222;222m⠁[0m    [38;2;105;105;105m⢀[38;2;232;232;231m⣠[38;2;238;237;237m⣴[38;2;237;237;237m⠾⠛[38;2;144;144;144m⠉[0m   [38;2;72;72;70m⡀[0m       [38;2;255;255;255m⢻[38;2;234;234;234m⡆[38;2;184;184;183m⠙[38;2;193;193;192m⣰[38;2;79;78;78m⠃[38;2;217;217;217m⣿[38;2;255;255;255m⣿[38;2;195;195;194m⠃[38;2;228;228;228m⢀[38;2;247;247;247m⣾[38;2;255;255;255m⠿⠛[38;2;223;223;223m⠋[38;2;195;195;195m⠉[38;2;90;90;90m⠉[0m       [38;2;255;255;255m⣠[38;2;224;224;224m⠾[38;2;202;202;202m⣫[38;2;231;231;231m⠞[38;2;255;255;255m⠁[38;2;231;231;231m⣠[38;2;208;208;208m⠶[38;2;160;160;160m⣯[38;2;189;189;188m⣷[38;2;250;250;249m⡼[38;2;218;217;216m⠃[38;2;141;141;141m⢨[38;2;255;255;255m⡿[38;2;90;90;90m⠃[0m    [38;2;177;176;176m⢠[38;2;231;231;231m⣿[38;2;176;176;176m⠃[0m
 [38;2;237;237;237m⢿[38;2;241;241;241m⡟[38;2;255;255;255m⠛[38;2;250;250;250m⠛[38;2;187;186;186m⠻[38;2;189;189;189m⠷[38;2;246;246;244m⠶[38;2;246;244;244m⠶[38;2;123;123;123m⢆[38;2;255;255;255m⣴⣿⡿[38;2;225;224;224m⣫[38;2;210;210;210m⣥[38;2;231;231;230m⣄[38;2;255;255;255m⣀[38;2;249;249;248m⣀[38;2;182;181;181m⣀[38;2;231;230;230m⣀[38;2;255;255;255m⣤[38;2;207;207;207m⡾[38;2;229;229;229m⠟[38;2;240;240;240m⠉[0m   [38;2;224;223;223m⣠[38;2;255;255;255m⣶⣿⣿⣿⣿⣦[38;2;132;130;130m⡀[0m    [38;2;126;126;126m⠈[38;2;248;248;248m⣿[38;2;121;121;121m⡐[38;2;240;240;240m⠟[0m [38;2;255;255;255m⣿[38;2;190;190;190m⠏[0m [38;2;190;190;189m⣉[38;2;254;253;253m⣤[38;2;205;205;205m⡶[38;2;255;255;255m⠶[38;2;231;231;230m⣿[38;2;217;217;217m⡟[38;2;241;241;241m⠛[38;2;216;216;216m⠛[38;2;170;170;169m⠛[38;2;110;110;109m⠃[0m [38;2;76;76;76m⢀[38;2;214;214;213m⣤[38;2;220;219;219m⢘[38;2;214;214;214m⡵⠞[38;2;234;234;234m⠁[38;2;230;229;229m⣄[38;2;207;207;207m⣿⣘[38;2;198;196;196m⠷[38;2;222;220;220m⠽[38;2;241;241;241m⠃[0m [38;2;194;194;194m⣴[38;2;222;222;222m⠏[0m     [38;2;210;210;210m⣠[38;2;246;246;246m⡿[38;2;208;208;207m⠁[0m
 [38;2;156;156;154m⠘[38;2;244;244;244m⣿[38;2;94;94;94m⡀[0m      [38;2;250;250;250m⢿[38;2;255;255;255m⣿⣷[0m [38;2;75;75;75m⠈[38;2;134;133;133m⠉[38;2;210;210;208m⠉[38;2;255;255;255m⠉[38;2;232;232;232m⠙[38;2;255;255;255m⣿[38;2;126;126;126m⡅[0m     [38;2;235;235;235m⣼[38;2;255;255;255m⣿⣿⣿⣿⣿⡿⢿[38;2;226;226;226m⣧[0m     [38;2;210;210;208m⠸[38;2;241;241;241m⣷[0m [38;2;116;116;115m⠸[38;2;188;188;188m⢃[38;2;228;228;228m⣴[38;2;244;244;244m⠟[38;2;225;225;225m⠋[38;2;90;88;88m⠁[0m  [38;2;170;169;169m⠈[38;2;250;250;250m⢻[38;2;232;232;232m⣆[0m  [38;2;226;226;226m⣀[38;2;237;237;237m⣤[38;2;140;140;139m⠌[38;2;255;255;255m⢿[38;2;204;202;202m⣎[38;2;66;66;64m⠠[38;2;225;225;225m⣶[38;2;204;202;202m⣻[38;2;208;208;208m⡎[38;2;226;226;225m⢿[38;2;194;194;194m⠝[38;2;165;165;165m⠃[38;2;63;63;63m⢀[38;2;255;255;255m⣠⠞[38;2;242;241;242m⠁[0m    [38;2;68;68;68m⢀[38;2;252;252;252m⣴[38;2;255;255;255m⠟[0m
  [38;2;186;186;184m⢹[38;2;237;237;236m⣧[0m      [38;2;160;160;160m⠈[38;2;255;255;255m⠛⠛[38;2;132;132;132m⠃[0m     [38;2;193;193;193m⠸[38;2;244;244;244m⣷[0m     [38;2;243;243;243m⣿[38;2;255;255;255m⣿⡿⠿⣿⣿⣀⣀⣿[38;2;248;247;247m⡦[0m [38;2;207;207;207m⣼[38;2;255;255;255m⣿[38;2;184;183;183m⣤[38;2;81;80;80m⡀[38;2;235;235;235m⢻[38;2;184;184;184m⣇[38;2;176;176;176m⢰[38;2;223;223;223m⡟[38;2;255;255;255m⠁[0m      [38;2;204;202;202m⢰[38;2;255;255;255m⣿[38;2;204;204;202m⣶[38;2;194;194;194m⣿[38;2;175;175;175m⡿[38;2;162;160;160m⠞[38;2;108;108;106m⠁[0m [38;2;255;255;255m⠻[38;2;234;232;232m⣷[38;2;240;240;240m⡈[38;2;218;217;217m⠿[0m  [38;2;183;183;183m⣠[38;2;223;223;223m⡴[38;2;190;190;189m⠟[38;2;224;224;224m⠁[0m     [38;2;188;187;187m⣠[38;2;255;255;255m⡾[38;2;208;208;208m⠋[0m
   [38;2;238;237;238m⢿[38;2;220;220;220m⡆[0m               [38;2;222;222;222m⢻[38;2;195;195;195m⣇[0m    [38;2;189;189;189m⠈[38;2;253;253;253m⢿[38;2;170;169;169m⣄[38;2;236;235;235m⣠[38;2;255;255;255m⣿[38;2;136;136;136m⣈[38;2;255;255;255m⣹⣿[38;2;232;232;232m⡏[38;2;129;129;129m⠁[38;2;234;234;234m⣰[38;2;255;255;255m⣿⠟⠛[38;2;111;110;110m⠁[38;2;98;98;98m⠈[38;2;244;244;244m⣿[38;2;141;141;141m⡄[0m        [38;2;186;186;184m⢰[38;2;232;231;231m⣞[38;2;229;229;229m⠉[38;2;97;96;96m⠁[38;2;252;252;250m⠘[38;2;236;236;236m⣦[38;2;180;178;178m⡘[38;2;182;182;181m⠃[0m [38;2;198;198;198m⠙[38;2;255;255;255m⢿[38;2;230;229;229m⣦[38;2;159;159;158m⣔[38;2;172;171;171m⠛[38;2;217;216;216m⠁[0m      [38;2;247;247;247m⢀[38;2;234;234;234m⣼[38;2;237;237;237m⠟[38;2;87;86;86m⠁[0m
   [38;2;150;150;150m⠈[38;2;248;248;248m⣿[38;2;153;153;153m⡀[0m              [38;2;73;73;73m⠈[38;2;241;241;241m⣿[38;2;156;154;154m⡄[0m    [38;2;255;255;255m⠘[38;2;244;244;244m⠿[38;2;253;253;253m⠟[38;2;255;255;255m⢿⣿⡿[38;2;250;250;250m⠟[38;2;175;175;175m⣣[38;2;255;255;255m⣾[38;2;250;250;250m⠟[38;2;144;142;142m⠁[0m  [38;2;255;255;255m⣀[38;2;169;168;168m⡀[38;2;186;186;186m⠸[38;2;254;254;254m⣷[0m         [38;2;222;222;222m⢻[38;2;226;226;226m⣦[0m  [38;2;211;211;211m⠈[38;2;228;226;226m⠷[38;2;218;218;218m⣀[38;2;195;194;194m⣴[38;2;182;182;182m⠖[0m [38;2;153;152;152m⠉[0m       [38;2;231;231;231m⢀[38;2;255;255;255m⣴⠟[38;2;212;212;212m⠁[0m
    [38;2;220;220;220m⠸[38;2;240;240;238m⣷[0m               [38;2;214;214;213m⠘[38;2;255;255;255m⣷[0m  [38;2;164;164;164m⢾[38;2;255;255;255m⣿⣦[38;2;249;249;249m⣤[38;2;238;238;238m⣤[38;2;246;244;244m⣤[38;2;246;246;246m⣤[38;2;163;162;162m⢄[38;2;255;255;255m⣴[38;2;253;253;253m⡟[38;2;205;205;205m⣵[38;2;230;230;230m⣶[38;2;237;237;236m⣶[38;2;255;255;255m⣶⣿⣿[38;2;172;171;171m⡃[0m [38;2;217;217;217m⢻[38;2;207;207;207m⣇[0m         [38;2;236;236;236m⠻[38;2;170;170;170m⣷[38;2;192;192;192m⢶[38;2;200;200;200m⠶[38;2;207;207;207m⠛[38;2;193;192;192m⠉[0m         [38;2;181;181;181m⣠[38;2;255;255;255m⣴[38;2;246;246;246m⠟[38;2;213;212;212m⠁[0m
     [38;2;237;237;237m⢻[38;2;186;184;184m⣇[0m               [38;2;228;228;228m⢹[38;2;218;218;218m⣇[0m [38;2;195;195;195m⠸[38;2;255;255;255m⠿[38;2;231;231;231m⠛[38;2;255;255;255m⠉[38;2;208;207;207m⠉[38;2;130;129;129m⢉[38;2;213;212;212m⣵[38;2;255;255;255m⡿[38;2;202;201;201m⠋[0m     [38;2;246;246;244m⠈[38;2;189;189;188m⢛[38;2;195;194;194m⣡[38;2;231;231;231m⣴[38;2;243;243;243m⠾[38;2;240;240;238m⠛[0m           [38;2;195;195;194m⢸[38;2;232;231;231m⣷[0m        [38;2;224;224;223m⢀[38;2;222;222;220m⣴[38;2;230;230;230m⡾[38;2;255;255;255m⠋[38;2;99;99;99m⠁[0m
     [38;2;94;94;94m⠈[38;2;244;244;244m⣿[38;2;162;162;162m⡄[0m               [38;2;255;255;255m⢿[38;2;188;188;188m⡄[0m   [38;2;196;195;195m⣀[38;2;210;210;210m⣴[38;2;255;255;255m⣿[38;2;212;212;212m⠟[0m     [38;2;199;199;199m⣀[38;2;255;255;255m⣤[38;2;238;238;237m⡶[38;2;236;236;236m⠟[38;2;205;205;205m⠋[38;2;63;63;63m⠁[0m              [38;2;255;255;255m⣿[38;2;141;141;141m⡆[0m    [38;2;229;229;229m⣀[38;2;226;226;226m⣴[38;2;217;217;217m⡾[38;2;255;255;255m⠛[38;2;232;232;232m⠁[0m
      [38;2;170;169;169m⠸[38;2;255;255;255m⣷[0m               [38;2;174;174;172m⠘[38;2;255;255;255m⣷[0m  [38;2;196;196;196m⠺[38;2;248;248;247m⢿[38;2;255;255;255m⣿[38;2;214;213;213m⡇[0m  [38;2;163;163;163m⢀[38;2;255;255;255m⣠[38;2;211;210;210m⣶[38;2;208;207;207m⠿[38;2;255;255;255m⠋[38;2;172;172;171m⠁[0m                  [38;2;219;218;218m⣿[38;2;255;255;255m⣇[38;2;232;232;232m⣠[38;2;255;255;255m⣤[38;2;234;234;234m⡶[38;2;235;235;235m⠟[38;2;248;248;248m⠋[38;2;146;145;145m⠁[0m
       [38;2;217;217;217m⢹[38;2;241;240;240m⣧[38;2;255;255;255m⣀[38;2;230;229;229m⣀[38;2;128;128;128m⣀[38;2;63;62;62m⡀[0m           [38;2;211;211;211m⢹[38;2;236;235;235m⣇[0m   [38;2;199;198;198m⠉[38;2;198;196;196m⣠[38;2;230;230;230m⣴[38;2;237;237;236m⠾[38;2;255;255;255m⠛[38;2;200;200;200m⠉[0m                      [38;2;211;211;211m⠙[38;2;218;218;218m⠛[38;2;228;226;226m⠉[38;2;75;75;74m⠁[0m
        [38;2;122;121;121m⠈[38;2;207;207;206m⠉[38;2;255;255;255m⠉[38;2;201;201;201m⠛[38;2;249;249;249m⠛[38;2;255;255;255m⠛[38;2;200;200;199m⠻[38;2;206;205;205m⠷[38;2;255;255;255m⠶[38;2;205;205;205m⢶[38;2;208;207;207m⣦[38;2;255;255;255m⣤[38;2;240;240;240m⣤[38;2;236;235;235m⣄[38;2;255;255;255m⣀[38;2;176;176;175m⣀[38;2;99;99;98m⡀[38;2;254;254;254m⢿[38;2;187;186;186m⣆[38;2;248;248;248m⣤[38;2;237;237;236m⡶[38;2;235;235;235m⠟[38;2;217;217;217m⠋[38;2;90;88;88m⠁[0m
                    [38;2;78;76;76m⠈[38;2;146;146;146m⠉[38;2;244;244;243m⠉[38;2;255;255;255m⠉[38;2;220;219;219m⠛[38;2;255;255;255m⠛⠋[38;2;182;182;181m⠁[0m
